# START - collecting
# STOP
# ---- jitter result ----
# ticks   = 2430
# period  = 62500.018 us/tick
# bpm     = 40.000
# sigma_t = 309.010 us
# k,timestamp_us,residual_us
0,22607877,1805.1
1,22669804,1232.0
2,22732804,1732.0
3,22794804,1232.0
4,22857804,1732.0
5,22919804,1232.0
6,22982804,1731.9
7,23044804,1231.9
8,23107804,1731.9
9,23169804,1231.9
10,23232804,1731.9
11,23294804,1231.9
12,23357804,1731.8
13,23419804,1231.8
14,23482804,1731.8
15,23544804,1231.8
16,23607804,1731.8
17,23669804,1231.7
18,23732804,1731.7
19,23794804,1231.7
20,23857804,1731.7
21,23919804,1231.7
22,23982804,1731.7
23,24043804,231.6
24,24105804,-268.4
25,24168804,231.6
26,24230804,-268.4
27,24293804,231.6
28,24355804,-268.4
29,24417822,-750.5
30,24480804,-268.5
31,24543804,231.5
32,24605804,-268.5
33,24668804,231.5
34,24730804,-268.6
35,24793804,231.4
36,24855804,-268.6
37,24918804,231.4
38,24980804,-268.6
39,25043804,231.4
40,25105804,-268.7
41,25168804,231.3
42,25230804,-268.7
43,25293804,231.3
44,25355804,-268.7
45,25418804,231.2
46,25480804,-268.8
47,25543804,231.2
48,25605804,-268.8
49,25668804,231.2
50,25730804,-268.8
51,25793804,231.1
52,25855804,-268.9
53,25918804,231.1
54,25980804,-268.9
55,26043804,231.1
56,26105804,-268.9
57,26168804,231.0
58,26230804,-269.0
59,26293804,231.0
60,26355804,-269.0
61,26418804,231.0
62,26480804,-269.1
63,26543804,230.9
64,26605804,-269.1
65,26668804,230.9
66,26730804,-269.1
67,26793804,230.9
68,26855804,-269.2
69,26918804,230.8
70,26980804,-269.2
71,27043804,230.8
72,27105804,-269.2
73,27168804,230.8
74,27230804,-269.3
75,27293804,230.7
76,27355804,-269.3
77,27418804,230.7
78,27480804,-269.3
79,27543804,230.6
80,27605804,-269.4
81,27668804,230.6
82,27730804,-269.4
83,27793804,230.6
84,27855804,-269.4
85,27918804,230.5
86,27980804,-269.5
87,28043804,230.5
88,28105804,-269.5
89,28168804,230.5
90,28230804,-269.6
91,28293804,230.4
92,28355804,-269.6
93,28418804,230.4
94,28480804,-269.6
95,28543804,230.4
96,28605804,-269.7
97,28668804,230.3
98,28730804,-269.7
99,28793804,230.3
100,28855804,-269.7
101,28918804,230.3
102,28980804,-269.8
103,29043804,230.2
104,29105804,-269.8
105,29168804,230.2
106,29230804,-269.8
107,29293804,230.1
108,29355804,-269.9
109,29418804,230.1
110,29480804,-269.9
111,29543804,230.1
112,29605804,-269.9
113,29668804,230.0
114,29730804,-270.0
115,29793804,230.0
116,29855804,-270.0
117,29918804,230.0
118,29980804,-270.1
119,30043804,229.9
120,30105804,-270.1
121,30168804,229.9
122,30230804,-270.1
123,30293804,229.9
124,30355804,-270.2
125,30418804,229.8
126,30480804,-270.2
127,30543804,229.8
128,30605804,-270.2
129,30668804,229.8
130,30730804,-270.3
131,30793804,229.7
132,30855804,-270.3
133,30918804,229.7
134,30980804,-270.3
135,31043804,229.6
136,31105804,-270.4
137,31168804,229.6
138,31230804,-270.4
139,31293804,229.6
140,31355804,-270.4
141,31418804,229.5
142,31480804,-270.5
143,31543804,229.5
144,31605804,-270.5
145,31668804,229.5
146,31730804,-270.6
147,31793804,229.4
148,31855804,-270.6
149,31918804,229.4
150,31980804,-270.6
151,32043804,229.4
152,32105804,-270.7
153,32168804,229.3
154,32230804,-270.7
155,32293804,229.3
156,32355804,-270.7
157,32418804,229.3
158,32480804,-270.8
159,32543804,229.2
160,32605804,-270.8
161,32668804,229.2
162,32730804,-270.8
163,32793804,229.1
164,32855804,-270.9
165,32918804,229.1
166,32980804,-270.9
167,33043804,229.1
168,33105804,-270.9
169,33168804,229.0
170,33230804,-271.0
171,33293804,229.0
172,33355804,-271.0
173,33418804,229.0
174,33480804,-271.1
175,33543804,228.9
176,33605804,-271.1
177,33668804,228.9
178,33730804,-271.1
179,33793804,228.9
180,33855804,-271.2
181,33918804,228.8
182,33980804,-271.2
183,34043804,228.8
184,34105804,-271.2
185,34168804,228.8
186,34230804,-271.3
187,34293804,228.7
188,34355804,-271.3
189,34418804,228.7
190,34480804,-271.3
191,34543804,228.6
192,34605804,-271.4
193,34668804,228.6
194,34730804,-271.4
195,34793804,228.6
196,34855804,-271.4
197,34918804,228.5
198,34980804,-271.5
199,35043804,228.5
200,35105804,-271.5
201,35168804,228.5
202,35230804,-271.5
203,35293804,228.4
204,35355804,-271.6
205,35418804,228.4
206,35480804,-271.6
207,35543804,228.4
208,35605804,-271.7
209,35668804,228.3
210,35730804,-271.7
211,35793804,228.3
212,35855804,-271.7
213,35918804,228.3
214,35980804,-271.8
215,36043804,228.2
216,36105804,-271.8
217,36168804,228.2
218,36230804,-271.8
219,36293804,228.1
220,36355804,-271.9
221,36418804,228.1
222,36480804,-271.9
223,36543804,228.1
224,36605804,-271.9
225,36668804,228.0
226,36730804,-272.0
227,36793804,228.0
228,36855804,-272.0
229,36918804,228.0
230,36980804,-272.0
231,37043804,227.9
232,37105804,-272.1
233,37168804,227.9
234,37230804,-272.1
235,37293804,227.9
236,37355804,-272.2
237,37418804,227.8
238,37480804,-272.2
239,37543804,227.8
240,37605804,-272.2
241,37668804,227.8
242,37730804,-272.3
243,37793804,227.7
244,37855804,-272.3
245,37918804,227.7
246,37980804,-272.3
247,38043804,227.6
248,38105804,-272.4
249,38168804,227.6
250,38230804,-272.4
251,38293804,227.6
252,38355804,-272.4
253,38418804,227.5
254,38480804,-272.5
255,38543804,227.5
256,38605804,-272.5
257,38668804,227.5
258,38730804,-272.5
259,38793804,227.4
260,38855804,-272.6
261,38918804,227.4
262,38980804,-272.6
263,39043804,227.4
264,39105804,-272.7
265,39168804,227.3
266,39230804,-272.7
267,39293804,227.3
268,39355804,-272.7
269,39418804,227.3
270,39480804,-272.8
271,39543804,227.2
272,39605804,-272.8
273,39668804,227.2
274,39730804,-272.8
275,39793804,227.1
276,39855804,-272.9
277,39918804,227.1
278,39980804,-272.9
279,40043804,227.1
280,40105804,-272.9
281,40168804,227.0
282,40230804,-273.0
283,40293804,227.0
284,40355804,-273.0
285,40418804,227.0
286,40480804,-273.0
287,40543804,226.9
288,40605804,-273.1
289,40668804,226.9
290,40730804,-273.1
291,40793804,226.9
292,40855804,-273.2
293,40918804,226.8
294,40980804,-273.2
295,41043804,226.8
296,41105804,-273.2
297,41168804,226.8
298,41230804,-273.3
299,41293804,226.7
300,41355804,-273.3
301,41418804,226.7
302,41480804,-273.3
303,41543804,226.6
304,41605804,-273.4
305,41668804,226.6
306,41730804,-273.4
307,41793804,226.6
308,41855804,-273.4
309,41918804,226.5
310,41980804,-273.5
311,42043804,226.5
312,42105804,-273.5
313,42168804,226.5
314,42230804,-273.5
315,42293804,226.4
316,42355804,-273.6
317,42418804,226.4
318,42480804,-273.6
319,42543804,226.4
320,42605804,-273.7
321,42668804,226.3
322,42730804,-273.7
323,42793804,226.3
324,42855804,-273.7
325,42918804,226.3
326,42980804,-273.8
327,43043804,226.2
328,43105804,-273.8
329,43168804,226.2
330,43230804,-273.8
331,43293804,226.1
332,43355804,-273.9
333,43418804,226.1
334,43480804,-273.9
335,43543804,226.1
336,43605804,-273.9
337,43668804,226.0
338,43730804,-274.0
339,43793804,226.0
340,43855804,-274.0
341,43918804,226.0
342,43980804,-274.0
343,44043804,225.9
344,44105804,-274.1
345,44168804,225.9
346,44230804,-274.1
347,44293804,225.9
348,44355804,-274.2
349,44418804,225.8
350,44480804,-274.2
351,44543804,225.8
352,44605804,-274.2
353,44668804,225.8
354,44730804,-274.3
355,44793804,225.7
356,44855804,-274.3
357,44918804,225.7
358,44980804,-274.3
359,45043804,225.7
360,45105804,-274.4
361,45168804,225.6
362,45230804,-274.4
363,45293804,225.6
364,45355804,-274.4
365,45418804,225.5
366,45480804,-274.5
367,45543804,225.5
368,45605804,-274.5
369,45668804,225.5
370,45730804,-274.5
371,45793804,225.4
372,45855804,-274.6
373,45918804,225.4
374,45980804,-274.6
375,46043804,225.4
376,46105804,-274.7
377,46168804,225.3
378,46230804,-274.7
379,46293804,225.3
380,46355804,-274.7
381,46418804,225.3
382,46480804,-274.8
383,46543804,225.2
384,46605804,-274.8
385,46668804,225.2
386,46730804,-274.8
387,46793804,225.2
388,46855804,-274.9
389,46918804,225.1
390,46980804,-274.9
391,47043804,225.1
392,47105804,-274.9
393,47168804,225.0
394,47230804,-275.0
395,47293804,225.0
396,47355804,-275.0
397,47418804,225.0
398,47480804,-275.0
399,47543804,224.9
400,47605804,-275.1
401,47668804,224.9
402,47730804,-275.1
403,47793804,224.9
404,47855804,-275.2
405,47918804,224.8
406,47980804,-275.2
407,48043804,224.8
408,48105804,-275.2
409,48168804,224.8
410,48230804,-275.3
411,48293804,224.7
412,48355804,-275.3
413,48418804,224.7
414,48480804,-275.3
415,48543804,224.7
416,48605804,-275.4
417,48668804,224.6
418,48730804,-275.4
419,48793804,224.6
420,48855804,-275.4
421,48918804,224.5
422,48980804,-275.5
423,49043804,224.5
424,49105804,-275.5
425,49168804,224.5
426,49230804,-275.5
427,49293804,224.4
428,49355804,-275.6
429,49418804,224.4
430,49480804,-275.6
431,49543804,224.4
432,49605804,-275.7
433,49668804,224.3
434,49730804,-275.7
435,49793804,224.3
436,49855804,-275.7
437,49918804,224.3
438,49980804,-275.8
439,50043804,224.2
440,50105804,-275.8
441,50168804,224.2
442,50230804,-275.8
443,50293804,224.2
444,50355804,-275.9
445,50418804,224.1
446,50480804,-275.9
447,50543804,224.1
448,50605804,-275.9
449,50668804,224.0
450,50730804,-276.0
451,50793804,224.0
452,50855804,-276.0
453,50918804,224.0
454,50980804,-276.0
455,51043804,223.9
456,51105804,-276.1
457,51168804,223.9
458,51230804,-276.1
459,51293804,223.9
460,51355804,-276.2
461,51418804,223.8
462,51480804,-276.2
463,51543804,223.8
464,51605804,-276.2
465,51668804,223.8
466,51730804,-276.3
467,51793804,223.7
468,51855804,-276.3
469,51918804,223.7
470,51980804,-276.3
471,52043804,223.7
472,52105804,-276.4
473,52168804,223.6
474,52230804,-276.4
475,52293804,223.6
476,52355804,-276.4
477,52418804,223.5
478,52480804,-276.5
479,52543804,223.5
480,52605804,-276.5
481,52668804,223.5
482,52730804,-276.5
483,52793804,223.4
484,52855804,-276.6
485,52918804,223.4
486,52980804,-276.6
487,53043804,223.4
488,53105804,-276.7
489,53168804,223.3
490,53230804,-276.7
491,53293804,223.3
492,53355804,-276.7
493,53418804,223.3
494,53480804,-276.8
495,53543804,223.2
496,53605804,-276.8
497,53668804,223.2
498,53730804,-276.8
499,53793804,223.2
500,53855804,-276.9
501,53918804,223.1
502,53980804,-276.9
503,54043804,223.1
504,54105804,-276.9
505,54168804,223.0
506,54230804,-277.0
507,54293804,223.0
508,54355804,-277.0
509,54418804,223.0
510,54480804,-277.0
511,54543804,222.9
512,54605804,-277.1
513,54668804,222.9
514,54730804,-277.1
515,54793804,222.9
516,54855804,-277.1
517,54918804,222.8
518,54980804,-277.2
519,55043804,222.8
520,55105804,-277.2
521,55168804,222.8
522,55230804,-277.3
523,55293804,222.7
524,55355804,-277.3
525,55418804,222.7
526,55480804,-277.3
527,55543804,222.7
528,55605804,-277.4
529,55668804,222.6
530,55730804,-277.4
531,55793804,222.6
532,55855804,-277.4
533,55918804,222.5
534,55980804,-277.5
535,56043804,222.5
536,56105804,-277.5
537,56168804,222.5
538,56230804,-277.5
539,56293804,222.4
540,56355804,-277.6
541,56418804,222.4
542,56480804,-277.6
543,56543804,222.4
544,56605804,-277.6
545,56668804,222.3
546,56730804,-277.7
547,56793804,222.3
548,56855804,-277.7
549,56918804,222.3
550,56980804,-277.8
551,57043804,222.2
552,57105804,-277.8
553,57168804,222.2
554,57230804,-277.8
555,57293804,222.2
556,57355804,-277.9
557,57418804,222.1
558,57480804,-277.9
559,57543804,222.1
560,57605804,-277.9
561,57668804,222.0
562,57730804,-278.0
563,57793804,222.0
564,57855804,-278.0
565,57918804,222.0
566,57980804,-278.0
567,58043804,221.9
568,58105804,-278.1
569,58168804,221.9
570,58230804,-278.1
571,58293804,221.9
572,58355804,-278.1
573,58418804,221.8
574,58480804,-278.2
575,58543804,221.8
576,58605804,-278.2
577,58668804,221.8
578,58730804,-278.3
579,58793804,221.7
580,58855804,-278.3
581,58918804,221.7
582,58980804,-278.3
583,59043804,221.7
584,59105804,-278.4
585,59168804,221.6
586,59230804,-278.4
587,59293804,221.6
588,59355804,-278.4
589,59418804,221.5
590,59480804,-278.5
591,59543804,221.5
592,59605804,-278.5
593,59668804,221.5
594,59730804,-278.5
595,59793804,221.4
596,59855804,-278.6
597,59918804,221.4
598,59980804,-278.6
599,60043804,221.4
600,60105804,-278.6
601,60168804,221.3
602,60230804,-278.7
603,60293804,221.3
604,60355804,-278.7
605,60418804,221.3
606,60480804,-278.8
607,60543804,221.2
608,60605804,-278.8
609,60668804,221.2
610,60730804,-278.8
611,60793804,221.2
612,60855804,-278.9
613,60918804,221.1
614,60980804,-278.9
615,61043804,221.1
616,61105804,-278.9
617,61168804,221.0
618,61230804,-279.0
619,61293804,221.0
620,61355804,-279.0
621,61418804,221.0
622,61480804,-279.0
623,61543804,220.9
624,61605804,-279.1
625,61668804,220.9
626,61730804,-279.1
627,61793804,220.9
628,61855804,-279.1
629,61918804,220.8
630,61980804,-279.2
631,62043804,220.8
632,62105804,-279.2
633,62168804,220.8
634,62230804,-279.3
635,62293804,220.7
636,62355804,-279.3
637,62418804,220.7
638,62480804,-279.3
639,62543804,220.7
640,62605804,-279.4
641,62668804,220.6
642,62730804,-279.4
643,62793804,220.6
644,62855804,-279.4
645,62918804,220.6
646,62980804,-279.5
647,63043804,220.5
648,63105804,-279.5
649,63168804,220.5
650,63230804,-279.5
651,63293804,220.4
652,63355804,-279.6
653,63418804,220.4
654,63480804,-279.6
655,63543804,220.4
656,63605804,-279.6
657,63668804,220.3
658,63730804,-279.7
659,63793804,220.3
660,63855804,-279.7
661,63918804,220.3
662,63980804,-279.8
663,64043804,220.2
664,64105804,-279.8
665,64168804,220.2
666,64230804,-279.8
667,64293804,220.2
668,64355804,-279.9
669,64418804,220.1
670,64480804,-279.9
671,64543804,220.1
672,64605804,-279.9
673,64668804,220.1
674,64730804,-280.0
675,64793804,220.0
676,64855804,-280.0
677,64918804,220.0
678,64980804,-280.0
679,65043804,219.9
680,65105804,-280.1
681,65168804,219.9
682,65230804,-280.1
683,65293804,219.9
684,65355804,-280.1
685,65418804,219.8
686,65480804,-280.2
687,65543804,219.8
688,65605804,-280.2
689,65668804,219.8
690,65730804,-280.3
691,65793804,219.7
692,65855804,-280.3
693,65918804,219.7
694,65980804,-280.3
695,66043804,219.7
696,66105804,-280.4
697,66168804,219.6
698,66230804,-280.4
699,66293804,219.6
700,66355804,-280.4
701,66418804,219.6
702,66480804,-280.5
703,66543804,219.5
704,66605804,-280.5
705,66668804,219.5
706,66730804,-280.5
707,66793804,219.4
708,66855804,-280.6
709,66918804,219.4
710,66980804,-280.6
711,67043804,219.4
712,67105804,-280.6
713,67168804,219.3
714,67230804,-280.7
715,67293804,219.3
716,67355804,-280.7
717,67418804,219.3
718,67480804,-280.8
719,67543804,219.2
720,67605804,-280.8
721,67668804,219.2
722,67730804,-280.8
723,67793804,219.2
724,67855804,-280.9
725,67918804,219.1
726,67980804,-280.9
727,68043804,219.1
728,68105804,-280.9
729,68168804,219.1
730,68230804,-281.0
731,68293804,219.0
732,68355804,-281.0
733,68418804,219.0
734,68480804,-281.0
735,68543804,218.9
736,68605804,-281.1
737,68668804,218.9
738,68730804,-281.1
739,68793804,218.9
740,68855804,-281.1
741,68918804,218.8
742,68980804,-281.2
743,69043804,218.8
744,69105804,-281.2
745,69168804,218.8
746,69230804,-281.3
747,69293804,218.7
748,69355804,-281.3
749,69418804,218.7
750,69480804,-281.3
751,69543804,218.7
752,69605804,-281.4
753,69668804,218.6
754,69730804,-281.4
755,69793804,218.6
756,69855804,-281.4
757,69918804,218.6
758,69980804,-281.5
759,70043804,218.5
760,70105804,-281.5
761,70168804,218.5
762,70230804,-281.5
763,70293804,218.4
764,70355804,-281.6
765,70418804,218.4
766,70480804,-281.6
767,70543804,218.4
768,70605804,-281.6
769,70668804,218.3
770,70730804,-281.7
771,70793804,218.3
772,70855804,-281.7
773,70918804,218.3
774,70980804,-281.8
775,71043804,218.2
776,71105804,-281.8
777,71168804,218.2
778,71230804,-281.8
779,71293804,218.2
780,71355804,-281.9
781,71418804,218.1
782,71480804,-281.9
783,71543804,218.1
784,71605804,-281.9
785,71668804,218.1
786,71730804,-282.0
787,71793804,218.0
788,71855804,-282.0
789,71918804,218.0
790,71980804,-282.0
791,72043804,217.9
792,72105804,-282.1
793,72168804,217.9
794,72230804,-282.1
795,72293804,217.9
796,72355804,-282.1
797,72418804,217.8
798,72480804,-282.2
799,72543804,217.8
800,72605804,-282.2
801,72668804,217.8
802,72730804,-282.2
803,72793804,217.7
804,72855804,-282.3
805,72918804,217.7
806,72980804,-282.3
807,73043804,217.7
808,73105804,-282.4
809,73168804,217.6
810,73230804,-282.4
811,73293804,217.6
812,73355804,-282.4
813,73418804,217.6
814,73480804,-282.5
815,73543804,217.5
816,73605807,-279.5
817,73668804,217.5
818,73730804,-282.5
819,73793804,217.4
820,73855804,-282.6
821,73918804,217.4
822,73980804,-282.6
823,74043804,217.4
824,74105804,-282.6
825,74168804,217.3
826,74230804,-282.7
827,74293804,217.3
828,74355804,-282.7
829,74418804,217.3
830,74480804,-282.7
831,74543804,217.2
832,74605804,-282.8
833,74668804,217.2
834,74730804,-282.8
835,74793804,217.2
836,74855804,-282.9
837,74918804,217.1
838,74980804,-282.9
839,75043804,217.1
840,75105804,-282.9
841,75168804,217.1
842,75230804,-283.0
843,75293804,217.0
844,75355804,-283.0
845,75418804,217.0
846,75480804,-283.0
847,75543804,216.9
848,75605804,-283.1
849,75668804,216.9
850,75730804,-283.1
851,75793804,216.9
852,75855804,-283.1
853,75918804,216.8
854,75980804,-283.2
855,76043804,216.8
856,76105804,-283.2
857,76168804,216.8
858,76230804,-283.2
859,76293804,216.7
860,76355804,-283.3
861,76418804,216.7
862,76480804,-283.3
863,76543804,216.7
864,76605804,-283.4
865,76668804,216.6
866,76730804,-283.4
867,76793804,216.6
868,76855804,-283.4
869,76918804,216.6
870,76980804,-283.5
871,77043804,216.5
872,77105804,-283.5
873,77168804,216.5
874,77230804,-283.5
875,77293804,216.4
876,77355804,-283.6
877,77418804,216.4
878,77480804,-283.6
879,77543804,216.4
880,77605804,-283.6
881,77668804,216.3
882,77730804,-283.7
883,77793804,216.3
884,77855804,-283.7
885,77918804,216.3
886,77980804,-283.7
887,78043804,216.2
888,78105804,-283.8
889,78168804,216.2
890,78230804,-283.8
891,78293804,216.2
892,78355804,-283.9
893,78418804,216.1
894,78480804,-283.9
895,78543804,216.1
896,78605804,-283.9
897,78668804,216.1
898,78730804,-284.0
899,78793804,216.0
900,78855804,-284.0
901,78918804,216.0
902,78980804,-284.0
903,79043804,215.9
904,79105804,-284.1
905,79168804,215.9
906,79230804,-284.1
907,79293804,215.9
908,79355804,-284.1
909,79418804,215.8
910,79480804,-284.2
911,79543804,215.8
912,79605804,-284.2
913,79668804,215.8
914,79730804,-284.2
915,79793804,215.7
916,79855804,-284.3
917,79918804,215.7
918,79980804,-284.3
919,80043804,215.7
920,80105804,-284.4
921,80168804,215.6
922,80230804,-284.4
923,80293804,215.6
924,80355804,-284.4
925,80418804,215.6
926,80480804,-284.5
927,80543804,215.5
928,80605804,-284.5
929,80668804,215.5
930,80730804,-284.5
931,80793804,215.4
932,80855804,-284.6
933,80918804,215.4
934,80980804,-284.6
935,81043804,215.4
936,81105804,-284.6
937,81168804,215.3
938,81230804,-284.7
939,81293804,215.3
940,81355804,-284.7
941,81418804,215.3
942,81480804,-284.7
943,81543804,215.2
944,81605804,-284.8
945,81668804,215.2
946,81730804,-284.8
947,81793804,215.2
948,81855804,-284.9
949,81918804,215.1
950,81980804,-284.9
951,82043804,215.1
952,82105804,-284.9
953,82168804,215.1
954,82230804,-285.0
955,82293804,215.0
956,82355804,-285.0
957,82418804,215.0
958,82480804,-285.0
959,82543804,215.0
960,82605804,-285.1
961,82668804,214.9
962,82730804,-285.1
963,82793804,214.9
964,82855804,-285.1
965,82918804,214.8
966,82980804,-285.2
967,83043804,214.8
968,83105804,-285.2
969,83168804,214.8
970,83230804,-285.2
971,83293804,214.7
972,83355804,-285.3
973,83418804,214.7
974,83480804,-285.3
975,83543804,214.7
976,83605804,-285.4
977,83668804,214.6
978,83730804,-285.4
979,83793804,214.6
980,83855804,-285.4
981,83918804,214.6
982,83980804,-285.5
983,84043804,214.5
984,84105804,-285.5
985,84168804,214.5
986,84230804,-285.5
987,84293804,214.5
988,84355804,-285.6
989,84418804,214.4
990,84480804,-285.6
991,84543804,214.4
992,84605804,-285.6
993,84668804,214.3
994,84730804,-285.7
995,84793804,214.3
996,84855804,-285.7
997,84918804,214.3
998,84980804,-285.7
999,85043804,214.2
1000,85105804,-285.8
1001,85168804,214.2
1002,85230804,-285.8
1003,85293804,214.2
1004,85355804,-285.9
1005,85418804,214.1
1006,85480804,-285.9
1007,85543804,214.1
1008,85605804,-285.9
1009,85668804,214.1
1010,85730804,-286.0
1011,85793804,214.0
1012,85855810,-280.0
1013,85918804,214.0
1014,85980804,-286.0
1015,86043804,214.0
1016,86105804,-286.1
1017,86168804,213.9
1018,86230809,-281.1
1019,86293804,213.9
1020,86355804,-286.1
1021,86418804,213.8
1022,86480804,-286.2
1023,86543804,213.8
1024,86605804,-286.2
1025,86668804,213.8
1026,86730804,-286.2
1027,86793804,213.7
1028,86855821,-269.3
1029,86918804,213.7
1030,86980804,-286.3
1031,87043804,213.7
1032,87105804,-286.4
1033,87168804,213.6
1034,87230804,-286.4
1035,87293804,213.6
1036,87355804,-286.4
1037,87418804,213.6
1038,87480804,-286.5
1039,87543804,213.5
1040,87605804,-286.5
1041,87668804,213.5
1042,87730804,-286.5
1043,87793804,213.5
1044,87855804,-286.6
1045,87918804,213.4
1046,87980804,-286.6
1047,88043804,213.4
1048,88105804,-286.6
1049,88168804,213.3
1050,88230804,-286.7
1051,88293804,213.3
1052,88355804,-286.7
1053,88418804,213.3
1054,88480804,-286.7
1055,88543804,213.2
1056,88605804,-286.8
1057,88668804,213.2
1058,88730804,-286.8
1059,88793804,213.2
1060,88855804,-286.9
1061,88918804,213.1
1062,88980804,-286.9
1063,89043804,213.1
1064,89105804,-286.9
1065,89168804,213.1
1066,89230804,-287.0
1067,89293804,213.0
1068,89355804,-287.0
1069,89418804,213.0
1070,89480804,-287.0
1071,89543804,213.0
1072,89605804,-287.1
1073,89668804,212.9
1074,89730804,-287.1
1075,89793804,212.9
1076,89855804,-287.1
1077,89918804,212.8
1078,89980804,-287.2
1079,90043804,212.8
1080,90105804,-287.2
1081,90168804,212.8
1082,90230804,-287.2
1083,90293804,212.7
1084,90355804,-287.3
1085,90418804,212.7
1086,90480804,-287.3
1087,90543804,212.7
1088,90605804,-287.3
1089,90668804,212.6
1090,90730804,-287.4
1091,90793804,212.6
1092,90855804,-287.4
1093,90918804,212.6
1094,90980804,-287.5
1095,91043804,212.5
1096,91105804,-287.5
1097,91168804,212.5
1098,91230804,-287.5
1099,91293804,212.5
1100,91355804,-287.6
1101,91418804,212.4
1102,91480804,-287.6
1103,91543804,212.4
1104,91605804,-287.6
1105,91668804,212.3
1106,91730804,-287.7
1107,91793804,212.3
1108,91855804,-287.7
1109,91918804,212.3
1110,91980804,-287.7
1111,92043804,212.2
1112,92105804,-287.8
1113,92168804,212.2
1114,92230804,-287.8
1115,92293804,212.2
1116,92355804,-287.8
1117,92418804,212.1
1118,92480804,-287.9
1119,92543804,212.1
1120,92605804,-287.9
1121,92668804,212.1
1122,92730804,-288.0
1123,92793804,212.0
1124,92855804,-288.0
1125,92918804,212.0
1126,92980804,-288.0
1127,93043804,212.0
1128,93105804,-288.1
1129,93168804,211.9
1130,93230804,-288.1
1131,93293804,211.9
1132,93355804,-288.1
1133,93418804,211.8
1134,93480804,-288.2
1135,93543804,211.8
1136,93605804,-288.2
1137,93668804,211.8
1138,93730804,-288.2
1139,93793804,211.7
1140,93855804,-288.3
1141,93918804,211.7
1142,93980804,-288.3
1143,94043804,211.7
1144,94105808,-284.3
1145,94168804,211.6
1146,94230804,-288.4
1147,94293804,211.6
1148,94355804,-288.4
1149,94418804,211.6
1150,94480804,-288.5
1151,94543804,211.5
1152,94605804,-288.5
1153,94668804,211.5
1154,94730804,-288.5
1155,94793804,211.5
1156,94855804,-288.6
1157,94918804,211.4
1158,94980804,-288.6
1159,95043804,211.4
1160,95105804,-288.6
1161,95168804,211.3
1162,95230804,-288.7
1163,95293804,211.3
1164,95355804,-288.7
1165,95418804,211.3
1166,95480804,-288.7
1167,95543804,211.2
1168,95605804,-288.8
1169,95668804,211.2
1170,95730804,-288.8
1171,95793804,211.2
1172,95855804,-288.8
1173,95918804,211.1
1174,95980804,-288.9
1175,96043804,211.1
1176,96105804,-288.9
1177,96168804,211.1
1178,96230804,-289.0
1179,96293804,211.0
1180,96355804,-289.0
1181,96418804,211.0
1182,96480804,-289.0
1183,96543804,211.0
1184,96605804,-289.1
1185,96668804,210.9
1186,96730804,-289.1
1187,96793804,210.9
1188,96855804,-289.1
1189,96918804,210.8
1190,96980804,-289.2
1191,97043804,210.8
1192,97105804,-289.2
1193,97168804,210.8
1194,97230804,-289.2
1195,97293804,210.7
1196,97355804,-289.3
1197,97418804,210.7
1198,97480804,-289.3
1199,97543804,210.7
1200,97605804,-289.3
1201,97668804,210.6
1202,97730804,-289.4
1203,97793804,210.6
1204,97855804,-289.4
1205,97918804,210.6
1206,97980804,-289.5
1207,98043804,210.5
1208,98105804,-289.5
1209,98168804,210.5
1210,98230804,-289.5
1211,98293804,210.5
1212,98355804,-289.6
1213,98418804,210.4
1214,98480804,-289.6
1215,98543804,210.4
1216,98605804,-289.6
1217,98668804,210.3
1218,98730804,-289.7
1219,98793804,210.3
1220,98855804,-289.7
1221,98918804,210.3
1222,98980804,-289.7
1223,99043804,210.2
1224,99106804,710.2
1225,99168804,210.2
1226,99230804,-289.8
1227,99293804,210.2
1228,99355804,-289.8
1229,99418804,210.1
1230,99480804,-289.9
1231,99543804,210.1
1232,99605804,-289.9
1233,99668804,210.1
1234,99730804,-290.0
1235,99793804,210.0
1236,99855804,-290.0
1237,99918804,210.0
1238,99980804,-290.0
1239,100043804,210.0
1240,100106804,709.9
1241,100168804,209.9
1242,100230804,-290.1
1243,100293804,209.9
1244,100355804,-290.1
1245,100418804,209.9
1246,100480804,-290.2
1247,100543804,209.8
1248,100605804,-290.2
1249,100668804,209.8
1250,100730804,-290.2
1251,100793804,209.7
1252,100855804,-290.3
1253,100918804,209.7
1254,100980804,-290.3
1255,101043804,209.7
1256,101105804,-290.3
1257,101168804,209.6
1258,101230804,-290.4
1259,101293804,209.6
1260,101355804,-290.4
1261,101418804,209.6
1262,101480804,-290.5
1263,101543804,209.5
1264,101605804,-290.5
1265,101668804,209.5
1266,101730804,-290.5
1267,101793804,209.5
1268,101855804,-290.6
1269,101918804,209.4
1270,101980804,-290.6
1271,102043804,209.4
1272,102105804,-290.6
1273,102168804,209.4
1274,102230804,-290.7
1275,102293804,209.3
1276,102355804,-290.7
1277,102418804,209.3
1278,102480804,-290.7
1279,102543804,209.2
1280,102605804,-290.8
1281,102668804,209.2
1282,102730804,-290.8
1283,102793804,209.2
1284,102855804,-290.8
1285,102918804,209.1
1286,102980804,-290.9
1287,103043804,209.1
1288,103105804,-290.9
1289,103168804,209.1
1290,103230804,-291.0
1291,103293804,209.0
1292,103355804,-291.0
1293,103418804,209.0
1294,103480804,-291.0
1295,103543804,209.0
1296,103605808,-287.1
1297,103668804,208.9
1298,103730804,-291.1
1299,103793804,208.9
1300,103855810,-285.1
1301,103918804,208.9
1302,103980804,-291.2
1303,104043804,208.8
1304,104105804,-291.2
1305,104168804,208.8
1306,104230804,-291.2
1307,104293804,208.7
1308,104355804,-291.3
1309,104418804,208.7
1310,104480804,-291.3
1311,104543804,208.7
1312,104606804,708.7
1313,104668804,208.6
1314,104730804,-291.4
1315,104793804,208.6
1316,104855808,-287.4
1317,104918804,208.6
1318,104980804,-291.5
1319,105043804,208.5
1320,105105804,-291.5
1321,105168804,208.5
1322,105230804,-291.5
1323,105293804,208.5
1324,105355804,-291.6
1325,105418804,208.4
1326,105480804,-291.6
1327,105543804,208.4
1328,105605804,-291.6
1329,105668804,208.4
1330,105730804,-291.7
1331,105793804,208.3
1332,105855804,-291.7
1333,105918804,208.3
1334,105980804,-291.7
1335,106043804,208.2
1336,106105804,-291.8
1337,106168804,208.2
1338,106230804,-291.8
1339,106293804,208.2
1340,106355804,-291.8
1341,106418804,208.1
1342,106480804,-291.9
1343,106543804,208.1
1344,106605804,-291.9
1345,106668804,208.1
1346,106730804,-292.0
1347,106793804,208.0
1348,106855804,-292.0
1349,106918804,208.0
1350,106980804,-292.0
1351,107043804,208.0
1352,107105804,-292.1
1353,107168804,207.9
1354,107230804,-292.1
1355,107293804,207.9
1356,107355804,-292.1
1357,107418804,207.9
1358,107480804,-292.2
1359,107543804,207.8
1360,107605804,-292.2
1361,107668804,207.8
1362,107730804,-292.2
1363,107793804,207.7
1364,107855804,-292.3
1365,107918804,207.7
1366,107980804,-292.3
1367,108043804,207.7
1368,108105804,-292.3
1369,108168804,207.6
1370,108230804,-292.4
1371,108293804,207.6
1372,108355804,-292.4
1373,108418804,207.6
1374,108480804,-292.5
1375,108543804,207.5
1376,108605804,-292.5
1377,108668804,207.5
1378,108730804,-292.5
1379,108793804,207.5
1380,108855804,-292.6
1381,108918804,207.4
1382,108980804,-292.6
1383,109043804,207.4
1384,109105804,-292.6
1385,109168804,207.4
1386,109230804,-292.7
1387,109293804,207.3
1388,109355804,-292.7
1389,109418804,207.3
1390,109480804,-292.7
1391,109543804,207.2
1392,109605804,-292.8
1393,109668804,207.2
1394,109730804,-292.8
1395,109793804,207.2
1396,109855804,-292.8
1397,109918804,207.1
1398,109980804,-292.9
1399,110043804,207.1
1400,110105804,-292.9
1401,110168804,207.1
1402,110230804,-292.9
1403,110293804,207.0
1404,110355804,-293.0
1405,110418804,207.0
1406,110480804,-293.0
1407,110543804,207.0
1408,110605804,-293.1
1409,110668804,206.9
1410,110730804,-293.1
1411,110793804,206.9
1412,110855804,-293.1
1413,110918804,206.9
1414,110980804,-293.2
1415,111043804,206.8
1416,111105804,-293.2
1417,111168804,206.8
1418,111230804,-293.2
1419,111293804,206.7
1420,111355804,-293.3
1421,111418804,206.7
1422,111480804,-293.3
1423,111543804,206.7
1424,111605804,-293.3
1425,111668804,206.6
1426,111730804,-293.4
1427,111793804,206.6
1428,111855804,-293.4
1429,111918804,206.6
1430,111980804,-293.4
1431,112043804,206.5
1432,112105804,-293.5
1433,112168804,206.5
1434,112230804,-293.5
1435,112293804,206.5
1436,112355804,-293.6
1437,112418804,206.4
1438,112480804,-293.6
1439,112543804,206.4
1440,112605804,-293.6
1441,112668804,206.4
1442,112730804,-293.7
1443,112793804,206.3
1444,112855804,-293.7
1445,112918804,206.3
1446,112980804,-293.7
1447,113043804,206.2
1448,113105804,-293.8
1449,113168804,206.2
1450,113230804,-293.8
1451,113293804,206.2
1452,113355804,-293.8
1453,113418804,206.1
1454,113480804,-293.9
1455,113543804,206.1
1456,113605804,-293.9
1457,113668804,206.1
1458,113730804,-293.9
1459,113793804,206.0
1460,113855804,-294.0
1461,113918804,206.0
1462,113980804,-294.0
1463,114043804,206.0
1464,114105804,-294.1
1465,114168804,205.9
1466,114230804,-294.1
1467,114293804,205.9
1468,114355804,-294.1
1469,114418804,205.9
1470,114480804,-294.2
1471,114543804,205.8
1472,114605804,-294.2
1473,114668804,205.8
1474,114730804,-294.2
1475,114793804,205.7
1476,114855804,-294.3
1477,114918804,205.7
1478,114980804,-294.3
1479,115043804,205.7
1480,115105804,-294.3
1481,115168804,205.6
1482,115230804,-294.4
1483,115293804,205.6
1484,115355804,-294.4
1485,115418804,205.6
1486,115480804,-294.4
1487,115543804,205.5
1488,115605804,-294.5
1489,115668804,205.5
1490,115730804,-294.5
1491,115793804,205.5
1492,115855804,-294.6
1493,115918804,205.4
1494,115980804,-294.6
1495,116043804,205.4
1496,116105804,-294.6
1497,116168804,205.4
1498,116230804,-294.7
1499,116293804,205.3
1500,116355804,-294.7
1501,116418804,205.3
1502,116480804,-294.7
1503,116543804,205.2
1504,116605804,-294.8
1505,116668804,205.2
1506,116730804,-294.8
1507,116793804,205.2
1508,116855804,-294.8
1509,116918804,205.1
1510,116980804,-294.9
1511,117043804,205.1
1512,117105804,-294.9
1513,117168804,205.1
1514,117230804,-294.9
1515,117293804,205.0
1516,117355804,-295.0
1517,117418804,205.0
1518,117480804,-295.0
1519,117543804,205.0
1520,117605804,-295.1
1521,117668804,204.9
1522,117730804,-295.1
1523,117793804,204.9
1524,117855804,-295.1
1525,117918804,204.9
1526,117980804,-295.2
1527,118043804,204.8
1528,118105804,-295.2
1529,118168804,204.8
1530,118230804,-295.2
1531,118293804,204.8
1532,118355804,-295.3
1533,118418804,204.7
1534,118480804,-295.3
1535,118543804,204.7
1536,118605804,-295.3
1537,118668804,204.6
1538,118730804,-295.4
1539,118793804,204.6
1540,118855804,-295.4
1541,118918804,204.6
1542,118980804,-295.4
1543,119043804,204.5
1544,119105804,-295.5
1545,119168804,204.5
1546,119230804,-295.5
1547,119293804,204.5
1548,119355804,-295.6
1549,119418804,204.4
1550,119480804,-295.6
1551,119543804,204.4
1552,119605804,-295.6
1553,119668804,204.4
1554,119730804,-295.7
1555,119793804,204.3
1556,119855804,-295.7
1557,119918804,204.3
1558,119980804,-295.7
1559,120043804,204.3
1560,120105804,-295.8
1561,120168804,204.2
1562,120230804,-295.8
1563,120293804,204.2
1564,120355804,-295.8
1565,120418804,204.1
1566,120480804,-295.9
1567,120543804,204.1
1568,120605804,-295.9
1569,120668804,204.1
1570,120730804,-295.9
1571,120793804,204.0
1572,120855804,-296.0
1573,120918804,204.0
1574,120980804,-296.0
1575,121043804,204.0
1576,121105804,-296.1
1577,121168804,203.9
1578,121230804,-296.1
1579,121293804,203.9
1580,121355804,-296.1
1581,121418804,203.9
1582,121480804,-296.2
1583,121543804,203.8
1584,121605804,-296.2
1585,121668804,203.8
1586,121730804,-296.2
1587,121793804,203.8
1588,121855804,-296.3
1589,121918804,203.7
1590,121980804,-296.3
1591,122043804,203.7
1592,122105804,-296.3
1593,122168804,203.6
1594,122230804,-296.4
1595,122293804,203.6
1596,122355804,-296.4
1597,122418804,203.6
1598,122480804,-296.4
1599,122543804,203.5
1600,122605804,-296.5
1601,122668804,203.5
1602,122730804,-296.5
1603,122793804,203.5
1604,122855804,-296.6
1605,122918804,203.4
1606,122980804,-296.6
1607,123043804,203.4
1608,123105804,-296.6
1609,123168804,203.4
1610,123230804,-296.7
1611,123293804,203.3
1612,123355804,-296.7
1613,123418804,203.3
1614,123480804,-296.7
1615,123543804,203.3
1616,123605804,-296.8
1617,123668804,203.2
1618,123730804,-296.8
1619,123793804,203.2
1620,123855804,-296.8
1621,123918804,203.1
1622,123980804,-296.9
1623,124043804,203.1
1624,124105804,-296.9
1625,124168804,203.1
1626,124230804,-296.9
1627,124293804,203.0
1628,124355804,-297.0
1629,124418804,203.0
1630,124480804,-297.0
1631,124543804,203.0
1632,124605804,-297.1
1633,124668804,202.9
1634,124730804,-297.1
1635,124793804,202.9
1636,124855804,-297.1
1637,124918804,202.9
1638,124980804,-297.2
1639,125043804,202.8
1640,125105804,-297.2
1641,125168804,202.8
1642,125230804,-297.2
1643,125293804,202.8
1644,125355804,-297.3
1645,125418804,202.7
1646,125480804,-297.3
1647,125543804,202.7
1648,125605804,-297.3
1649,125668804,202.6
1650,125730804,-297.4
1651,125793804,202.6
1652,125855804,-297.4
1653,125918804,202.6
1654,125980804,-297.4
1655,126043804,202.5
1656,126105804,-297.5
1657,126168804,202.5
1658,126230804,-297.5
1659,126293804,202.5
1660,126355804,-297.6
1661,126418804,202.4
1662,126480804,-297.6
1663,126543804,202.4
1664,126605804,-297.6
1665,126668804,202.4
1666,126730804,-297.7
1667,126793804,202.3
1668,126855804,-297.7
1669,126918804,202.3
1670,126980804,-297.7
1671,127043804,202.3
1672,127105804,-297.8
1673,127168804,202.2
1674,127230804,-297.8
1675,127293804,202.2
1676,127355804,-297.8
1677,127418804,202.1
1678,127480804,-297.9
1679,127543804,202.1
1680,127605804,-297.9
1681,127668804,202.1
1682,127730804,-297.9
1683,127793804,202.0
1684,127855804,-298.0
1685,127918804,202.0
1686,127980804,-298.0
1687,128043804,202.0
1688,128105804,-298.0
1689,128168804,201.9
1690,128230804,-298.1
1691,128293804,201.9
1692,128355804,-298.1
1693,128418804,201.9
1694,128480804,-298.2
1695,128543804,201.8
1696,128605804,-298.2
1697,128668804,201.8
1698,128730804,-298.2
1699,128793804,201.8
1700,128855804,-298.3
1701,128918804,201.7
1702,128980804,-298.3
1703,129043804,201.7
1704,129105804,-298.3
1705,129168804,201.6
1706,129230804,-298.4
1707,129293804,201.6
1708,129355804,-298.4
1709,129418804,201.6
1710,129480804,-298.4
1711,129543804,201.5
1712,129605804,-298.5
1713,129668804,201.5
1714,129730804,-298.5
1715,129793804,201.5
1716,129855804,-298.5
1717,129918804,201.4
1718,129980804,-298.6
1719,130043804,201.4
1720,130105804,-298.6
1721,130168804,201.4
1722,130230804,-298.7
1723,130293804,201.3
1724,130355804,-298.7
1725,130418804,201.3
1726,130480804,-298.7
1727,130543804,201.3
1728,130605804,-298.8
1729,130668804,201.2
1730,130730804,-298.8
1731,130793804,201.2
1732,130855804,-298.8
1733,130918804,201.1
1734,130980804,-298.9
1735,131043804,201.1
1736,131105804,-298.9
1737,131168804,201.1
1738,131230804,-298.9
1739,131293804,201.0
1740,131355804,-299.0
1741,131418804,201.0
1742,131480804,-299.0
1743,131543804,201.0
1744,131605804,-299.0
1745,131668804,200.9
1746,131730804,-299.1
1747,131793804,200.9
1748,131855804,-299.1
1749,131918804,200.9
1750,131980804,-299.2
1751,132043804,200.8
1752,132105804,-299.2
1753,132168804,200.8
1754,132230804,-299.2
1755,132293804,200.8
1756,132355804,-299.3
1757,132418804,200.7
1758,132480804,-299.3
1759,132543804,200.7
1760,132605804,-299.3
1761,132668804,200.6
1762,132730804,-299.4
1763,132793804,200.6
1764,132855804,-299.4
1765,132918804,200.6
1766,132980804,-299.4
1767,133043804,200.5
1768,133105804,-299.5
1769,133168804,200.5
1770,133230804,-299.5
1771,133293804,200.5
1772,133355804,-299.5
1773,133418804,200.4
1774,133480804,-299.6
1775,133543804,200.4
1776,133605804,-299.6
1777,133668804,200.4
1778,133730804,-299.7
1779,133793804,200.3
1780,133855804,-299.7
1781,133918804,200.3
1782,133980804,-299.7
1783,134043804,200.3
1784,134105804,-299.8
1785,134168804,200.2
1786,134230804,-299.8
1787,134293804,200.2
1788,134355804,-299.8
1789,134418804,200.1
1790,134480804,-299.9
1791,134543804,200.1
1792,134605810,-293.9
1793,134668804,200.1
1794,134730804,-299.9
1795,134793804,200.0
1796,134855804,-300.0
1797,134918804,200.0
1798,134980804,-300.0
1799,135043804,200.0
1800,135105804,-300.0
1801,135168804,199.9
1802,135230804,-300.1
1803,135293804,199.9
1804,135355804,-300.1
1805,135418804,199.9
1806,135480804,-300.2
1807,135543804,199.8
1808,135605804,-300.2
1809,135668804,199.8
1810,135730804,-300.2
1811,135793804,199.8
1812,135855804,-300.3
1813,135918804,199.7
1814,135980804,-300.3
1815,136043804,199.7
1816,136105804,-300.3
1817,136168804,199.6
1818,136230807,-297.4
1819,136293804,199.6
1820,136355812,-292.4
1821,136418804,199.6
1822,136480808,-296.4
1823,136543804,199.5
1824,136605809,-295.5
1825,136668804,199.5
1826,136730804,-300.5
1827,136793804,199.5
1828,136855804,-300.5
1829,136918804,199.4
1830,136980804,-300.6
1831,137043804,199.4
1832,137105804,-300.6
1833,137168804,199.4
1834,137230808,-296.7
1835,137293804,199.3
1836,137355808,-296.7
1837,137418804,199.3
1838,137480804,-300.7
1839,137543804,199.3
1840,137605804,-300.8
1841,137668804,199.2
1842,137730804,-300.8
1843,137793804,199.2
1844,137855804,-300.8
1845,137918804,199.2
1846,137980804,-300.9
1847,138043804,199.1
1848,138105804,-300.9
1849,138168804,199.1
1850,138230804,-300.9
1851,138293804,199.0
1852,138355804,-301.0
1853,138418804,199.0
1854,138480804,-301.0
1855,138543804,199.0
1856,138605804,-301.0
1857,138668804,198.9
1858,138730804,-301.1
1859,138793804,198.9
1860,138855804,-301.1
1861,138918804,198.9
1862,138980804,-301.2
1863,139043804,198.8
1864,139105804,-301.2
1865,139168804,198.8
1866,139230804,-301.2
1867,139293804,198.8
1868,139355804,-301.3
1869,139418804,198.7
1870,139480804,-301.3
1871,139543804,198.7
1872,139605804,-301.3
1873,139668804,198.7
1874,139730804,-301.4
1875,139793804,198.6
1876,139855804,-301.4
1877,139918804,198.6
1878,139980804,-301.4
1879,140043804,198.5
1880,140105804,-301.5
1881,140168804,198.5
1882,140230804,-301.5
1883,140293804,198.5
1884,140355804,-301.5
1885,140418804,198.4
1886,140480804,-301.6
1887,140543804,198.4
1888,140605804,-301.6
1889,140668804,198.4
1890,140730804,-301.7
1891,140793804,198.3
1892,140855804,-301.7
1893,140918804,198.3
1894,140980804,-301.7
1895,141043804,198.3
1896,141105804,-301.8
1897,141168804,198.2
1898,141230804,-301.8
1899,141293804,198.2
1900,141355804,-301.8
1901,141418804,198.2
1902,141480804,-301.9
1903,141543804,198.1
1904,141605804,-301.9
1905,141668804,198.1
1906,141730804,-301.9
1907,141793804,198.0
1908,141855804,-302.0
1909,141918804,198.0
1910,141980804,-302.0
1911,142043804,198.0
1912,142105804,-302.0
1913,142168804,197.9
1914,142230804,-302.1
1915,142293804,197.9
1916,142355804,-302.1
1917,142418804,197.9
1918,142480804,-302.2
1919,142543804,197.8
1920,142605804,-302.2
1921,142668804,197.8
1922,142730804,-302.2
1923,142793804,197.8
1924,142855804,-302.3
1925,142918804,197.7
1926,142980804,-302.3
1927,143043804,197.7
1928,143105804,-302.3
1929,143168804,197.7
1930,143230804,-302.4
1931,143293804,197.6
1932,143355804,-302.4
1933,143418804,197.6
1934,143480804,-302.4
1935,143543804,197.5
1936,143605804,-302.5
1937,143668804,197.5
1938,143731804,697.5
1939,143793804,197.5
1940,143856804,697.5
1941,143918804,197.4
1942,143981804,697.4
1943,144043804,197.4
1944,144105804,-302.6
1945,144168804,197.4
1946,144231804,697.3
1947,144293804,197.3
1948,144355804,-302.7
1949,144418804,197.3
1950,144480809,-297.7
1951,144543804,197.3
1952,144606804,697.2
1953,144668804,197.2
1954,144730804,-302.8
1955,144793804,197.2
1956,144855804,-302.8
1957,144918804,197.2
1958,144980804,-302.9
1959,145043804,197.1
1960,145105804,-302.9
1961,145168804,197.1
1962,145231804,697.1
1963,145293804,197.0
1964,145356804,697.0
1965,145418804,197.0
1966,145481804,697.0
1967,145543804,197.0
1968,145606804,697.0
1969,145668804,196.9
1970,145731804,696.9
1971,145793804,196.9
1972,145855804,-303.1
1973,145918804,196.9
1974,145980804,-303.1
1975,146043804,196.8
1976,146106804,696.8
1977,146168804,196.8
1978,146230805,-302.2
1979,146293804,196.8
1980,146355804,-303.3
1981,146418804,196.7
1982,146481804,696.7
1983,146543804,196.7
1984,146606804,696.7
1985,146668804,196.7
1986,146730804,-303.4
1987,146793804,196.6
1988,146855804,-303.4
1989,146918804,196.6
1990,146980804,-303.4
1991,147043804,196.5
1992,147105804,-303.5
1993,147168804,196.5
1994,147230804,-303.5
1995,147293804,196.5
1996,147355804,-303.5
1997,147418804,196.4
1998,147480804,-303.6
1999,147543804,196.4
2000,147605804,-303.6
2001,147668804,196.4
2002,147730804,-303.6
2003,147793804,196.3
2004,147855804,-303.7
2005,147918804,196.3
2006,147980804,-303.7
2007,148043804,196.3
2008,148105804,-303.8
2009,148168804,196.2
2010,148230804,-303.8
2011,148293804,196.2
2012,148355804,-303.8
2013,148418804,196.2
2014,148480804,-303.9
2015,148543804,196.1
2016,148605804,-303.9
2017,148668804,196.1
2018,148730804,-303.9
2019,148793804,196.0
2020,148855804,-304.0
2021,148918804,196.0
2022,148980804,-304.0
2023,149043804,196.0
2024,149105804,-304.0
2025,149168804,195.9
2026,149230804,-304.1
2027,149293804,195.9
2028,149355804,-304.1
2029,149418804,195.9
2030,149480804,-304.1
2031,149543804,195.8
2032,149605804,-304.2
2033,149668804,195.8
2034,149730804,-304.2
2035,149793804,195.8
2036,149855804,-304.3
2037,149918804,195.7
2038,149980804,-304.3
2039,150043804,195.7
2040,150105804,-304.3
2041,150168804,195.7
2042,150230804,-304.4
2043,150293804,195.6
2044,150355804,-304.4
2045,150418804,195.6
2046,150481804,695.6
2047,150543804,195.5
2048,150605807,-301.5
2049,150668804,195.5
2050,150730804,-304.5
2051,150793804,195.5
2052,150855804,-304.5
2053,150918804,195.4
2054,150980804,-304.6
2055,151043804,195.4
2056,151105804,-304.6
2057,151168804,195.4
2058,151231804,695.4
2059,151293804,195.3
2060,151355804,-304.7
2061,151418804,195.3
2062,151480804,-304.7
2063,151543804,195.3
2064,151605804,-304.8
2065,151668804,195.2
2066,151730804,-304.8
2067,151793804,195.2
2068,151855804,-304.8
2069,151918804,195.2
2070,151980804,-304.9
2071,152043804,195.1
2072,152105804,-304.9
2073,152168804,195.1
2074,152230804,-304.9
2075,152293804,195.0
2076,152355804,-305.0
2077,152418804,195.0
2078,152480804,-305.0
2079,152543804,195.0
2080,152605804,-305.0
2081,152668804,194.9
2082,152730804,-305.1
2083,152793804,194.9
2084,152855804,-305.1
2085,152918804,194.9
2086,152980804,-305.1
2087,153043804,194.8
2088,153105804,-305.2
2089,153168804,194.8
2090,153230804,-305.2
2091,153293804,194.8
2092,153355804,-305.3
2093,153418804,194.7
2094,153480804,-305.3
2095,153543804,194.7
2096,153605804,-305.3
2097,153668804,194.7
2098,153730804,-305.4
2099,153793804,194.6
2100,153855804,-305.4
2101,153918804,194.6
2102,153980804,-305.4
2103,154043804,194.5
2104,154105804,-305.5
2105,154168804,194.5
2106,154230804,-305.5
2107,154293804,194.5
2108,154355804,-305.5
2109,154418804,194.4
2110,154480804,-305.6
2111,154543804,194.4
2112,154605804,-305.6
2113,154668804,194.4
2114,154730804,-305.6
2115,154793804,194.3
2116,154855804,-305.7
2117,154918804,194.3
2118,154980804,-305.7
2119,155043804,194.3
2120,155105804,-305.8
2121,155168804,194.2
2122,155230804,-305.8
2123,155293804,194.2
2124,155355804,-305.8
2125,155418804,194.2
2126,155480804,-305.9
2127,155543804,194.1
2128,155605804,-305.9
2129,155668804,194.1
2130,155730804,-305.9
2131,155793804,194.1
2132,155855804,-306.0
2133,155918804,194.0
2134,155980804,-306.0
2135,156043804,194.0
2136,156105804,-306.0
2137,156168804,193.9
2138,156230804,-306.1
2139,156293804,193.9
2140,156355804,-306.1
2141,156418804,193.9
2142,156480804,-306.1
2143,156543804,193.8
2144,156605804,-306.2
2145,156668804,193.8
2146,156730804,-306.2
2147,156793804,193.8
2148,156855808,-302.3
2149,156918804,193.7
2150,156980804,-306.3
2151,157043804,193.7
2152,157105804,-306.3
2153,157168804,193.7
2154,157230804,-306.4
2155,157293804,193.6
2156,157355804,-306.4
2157,157418804,193.6
2158,157480822,-288.4
2159,157543804,193.6
2160,157605804,-306.5
2161,157668804,193.5
2162,157730804,-306.5
2163,157793804,193.5
2164,157855804,-306.5
2165,157918804,193.4
2166,157980804,-306.6
2167,158043804,193.4
2168,158105804,-306.6
2169,158168804,193.4
2170,158230804,-306.6
2171,158293804,193.3
2172,158355804,-306.7
2173,158418804,193.3
2174,158480804,-306.7
2175,158543804,193.3
2176,158605804,-306.8
2177,158668804,193.2
2178,158730804,-306.8
2179,158793804,193.2
2180,158855804,-306.8
2181,158918804,193.2
2182,158980804,-306.9
2183,159043804,193.1
2184,159105804,-306.9
2185,159168804,193.1
2186,159230804,-306.9
2187,159293804,193.1
2188,159355804,-307.0
2189,159418804,193.0
2190,159481804,693.0
2191,159543804,193.0
2192,159605813,-298.0
2193,159668804,192.9
2194,159731804,692.9
2195,159793804,192.9
2196,159856804,692.9
2197,159918804,192.9
2198,159980809,-302.1
2199,160043804,192.8
2200,160105804,-307.2
2201,160168804,192.8
2202,160230804,-307.2
2203,160293804,192.8
2204,160355804,-307.3
2205,160418804,192.7
2206,160480804,-307.3
2207,160543804,192.7
2208,160605804,-307.3
2209,160668804,192.7
2210,160730804,-307.4
2211,160793804,192.6
2212,160855804,-307.4
2213,160918804,192.6
2214,160980804,-307.4
2215,161043804,192.6
2216,161105804,-307.5
2217,161168804,192.5
2218,161230804,-307.5
2219,161293804,192.5
2220,161355804,-307.5
2221,161418804,192.4
2222,161480804,-307.6
2223,161543804,192.4
2224,161605804,-307.6
2225,161668804,192.4
2226,161730804,-307.6
2227,161793804,192.3
2228,161855804,-307.7
2229,161918804,192.3
2230,161980804,-307.7
2231,162043804,192.3
2232,162105804,-307.8
2233,162168804,192.2
2234,162230804,-307.8
2235,162293804,192.2
2236,162355804,-307.8
2237,162418804,192.2
2238,162480804,-307.9
2239,162543804,192.1
2240,162605807,-304.9
2241,162668804,192.1
2242,162730804,-307.9
2243,162793804,192.1
2244,162855804,-308.0
2245,162918804,192.0
2246,162980804,-308.0
2247,163043804,192.0
2248,163105804,-308.0
2249,163168804,191.9
2250,163230804,-308.1
2251,163293804,191.9
2252,163355804,-308.1
2253,163418804,191.9
2254,163480804,-308.1
2255,163543804,191.8
2256,163605804,-308.2
2257,163668804,191.8
2258,163730804,-308.2
2259,163793804,191.8
2260,163855804,-308.3
2261,163918804,191.7
2262,163980804,-308.3
2263,164043804,191.7
2264,164105804,-308.3
2265,164168804,191.7
2266,164230804,-308.4
2267,164293804,191.6
2268,164355804,-308.4
2269,164418804,191.6
2270,164481804,691.6
2271,164543804,191.6
2272,164605804,-308.5
2273,164668804,191.5
2274,164730804,-308.5
2275,164793804,191.5
2276,164855804,-308.5
2277,164918804,191.4
2278,164980804,-308.6
2279,165043804,191.4
2280,165105804,-308.6
2281,165168804,191.4
2282,165230804,-308.6
2283,165293804,191.3
2284,165355804,-308.7
2285,165418804,191.3
2286,165481804,691.3
2287,165543804,191.3
2288,165605802,-310.7
2289,165668804,191.2
2290,165731804,691.2
2291,165793804,191.2
2292,165855804,-308.8
2293,165918804,191.2
2294,165981804,691.1
2295,166043804,191.1
2296,166105804,-308.9
2297,166168804,191.1
2298,166230804,-308.9
2299,166293804,191.1
2300,166355804,-309.0
2301,166418804,191.0
2302,166481804,691.0
2303,166543804,191.0
2304,166606804,691.0
2305,166668804,190.9
2306,166730812,-301.1
2307,166793804,190.9
2308,166855800,-313.1
2309,166918804,190.9
2310,166980805,-308.1
2311,167043804,190.8
2312,167105804,-309.2
2313,167168804,190.8
2314,167230804,-309.2
2315,167293804,190.8
2316,167355804,-309.2
2317,167418804,190.7
2318,167480804,-309.3
2319,167543804,190.7
2320,167605804,-309.3
2321,167668804,190.7
2322,167730804,-309.4
2323,167793804,190.6
2324,167855804,-309.4
2325,167918804,190.6
2326,167980804,-309.4
2327,168043804,190.6
2328,168105804,-309.5
2329,168168804,190.5
2330,168230804,-309.5
2331,168293804,190.5
2332,168356804,690.5
2333,168418804,190.4
2334,168481804,690.4
2335,168543804,190.4
2336,168605821,-292.6
2337,168668804,190.4
2338,168731804,690.4
2339,168793804,190.3
2340,168855804,-309.7
2341,168918804,190.3
2342,168981804,690.3
2343,169043804,190.3
2344,169106804,690.3
2345,169168804,190.2
2346,169231804,690.2
2347,169293804,190.2
2348,169355804,-309.8
2349,169418804,190.2
2350,169480804,-309.9
2351,169543804,190.1
2352,169605804,-309.9
2353,169668804,190.1
2354,169730804,-309.9
2355,169793804,190.1
2356,169855804,-310.0
2357,169918804,190.0
2358,169980804,-310.0
2359,170043804,190.0
2360,170105804,-310.0
2361,170168804,189.9
2362,170230804,-310.1
2363,170293804,189.9
2364,170355804,-310.1
2365,170418804,189.9
2366,170480804,-310.1
2367,170543804,189.8
2368,170606804,689.8
2369,170668804,189.8
2370,170731804,689.8
2371,170793804,189.8
2372,170856804,689.8
2373,170918804,189.7
2374,170981804,689.7
2375,171043804,189.7
2376,171106804,689.7
2377,171168804,189.7
2378,171231804,689.6
2379,171293804,189.6
2380,171356804,689.6
2381,171418804,189.6
2382,171481804,689.6
2383,171543804,189.6
2384,171606804,689.5
2385,171668804,189.5
2386,171731804,689.5
2387,171793804,189.5
2388,171855804,-310.5
2389,171918804,189.4
2390,171981804,689.4
2391,172043804,189.4
2392,172106804,689.4
2393,172168804,189.4
2394,172231804,689.4
2395,172293804,189.3
2396,172356804,689.3
2397,172418804,189.3
2398,172480804,-310.7
2399,172543804,189.3
2400,172606804,689.3
2401,172668804,189.2
2402,172731804,689.2
2403,172793804,189.2
2404,172856804,689.2
2405,172918804,189.2
2406,172981804,689.1
2407,173043804,189.1
2408,173106804,689.1
2409,173168804,189.1
2410,173231804,689.1
2411,173293804,189.1
2412,173356804,689.0
2413,173418804,189.0
2414,173481804,689.0
2415,173543804,189.0
2416,173606804,689.0
2417,173668804,189.0
2418,173731804,688.9
2419,173793804,188.9
2420,173856804,688.9
2421,173918804,188.9
2422,173981804,688.9
2423,174043804,188.8
2424,174106804,688.8
2425,174168804,188.8
2426,174231804,688.8
2427,174293804,188.8
2428,174356804,688.8
2429,174418804,188.7
# ---- end ----
